1010000101011011100010001010011011101001110101110110110101000111
1010011100111101011010100100010100011001010001111110000010110010
0110110001100000000111111001001000000100100010101000010110010011
0010100011101110100011101110100010010001110011100110101110000000
0111000110011100001011100000100101100000110000111010010100111100
1101101111101001110001110010011100000100001011111101101101001101
1101101110101111111110010110101110111001000101001101010110011010
1101111111011000110011111001010001001101001100110100001000101000
0110101110100001011000000100100111101100100110111001010101100101
1101100001111101100000011111101100010100001100000011000111100100
0000100101011010101110111010101101111110110100010110110010111110
0100100001000000001110101001100011110101010111100010011111000100
0100110000000001101011101000101000001101011011101110100110000101
0100010100001100011000111001000000111010000101100011001111000010
1101111100111011100000011101001000011111000110010011000010000010
1000001111110001011001100100110000100011010010111101000011010001
1001101001111100010100110000101100110000001001111101001110010110
0101111110000011010101100010111110010001101100011101011110011111
1111001111001100111110000101110101100100001110101111011011101101
0100001110111110100011111101000110111010111110010001010010101101
0000011011011001100110111000001010000111001011010101011010011010
0001111011001000001011010100010100010011110010111000110000010101
0110100010011101000110011010110111110111000001100000011100110100
1011001110110010100011001101100101000100101000010100111000100101
0010110110111101001101110100010111111111100111100111011100010011
0110100111101111100010111110110011010101001110111010110101100111
1100101010001001011001110011000100000000100011100010101110100011
1101011010001101101010010000001101000010101101110000000110000100
1000000010100001010001101000110001000100010001110010001011010011
0011100111110010001101110100101110011001111111111101111001010111
1011111110101001111110110010111110010100010111110010011000000110
0011110110011101011111100011001101101101111100000000001110111110
1101100101111001000011011010110110100001110000111001000110000001
1111111000101110001010011101110110111001000101101000100000001101
1011001010111011100011010010101101100010101001011011111001100110
1011000110110110010101000101111110100111111001001101110101101010
1111100110000010101000110100101111101111010001000011111010000111
0111100100010000011000101001100000001001100101010001110101000010
0010101100111111001011110101100000010111100010001001111011100011
1111000110110000011000010010101101001010100000001000111100101001
0001011011010000010000101111000101101000101110100110000110010001
1100111000101100100110001101011010101100101111111010011110100000
0110000011000111011011010100010100100111101000101111011001101110
1000110010111110001101011111101010010000011111111011111101101110
0011000001010111011111001001111110011001110110111110110100001111
1100111011100010010010101101101010000010111100001010011000111111
0100010010000010000100110001001111000001010110001100000110111110
0001010011010111001001110101000111101001011010001101000001010011
1101010101110101101111001101010100110111001111000010111111011001
0101111000101111100011000000000110010011100110011010111011001010
0001111010111101110010010011011110000100000100100010011110000001
0011011000001001011100101000010111101100001110010101100011110001
0011001111100110100110101010001011011010111110001110010100111111
1111111100001001010100111100011101110011110110100000001000101010
1111110001110100000001101000010100001011111101111011101101010000
1110101001011111110100010001101000010100010011111111001000110000
0011100010001101010001111010001011011100100011100001001011110011
0000101110001100101001000111100111100000100011000001010101101010
0010110100011111010001101111110101101101011101011010111100011101
0000000111111110010111111000011110111101100000100011100011101011
0010111100001111000101110101110001011001100010000000000100101001
1110100110000100001000000101010010101111001111001110011111001110
1001110100101000011111111100001101101010110001001000010110000111
1000010010001111100111101101110101100011100000111001100100101101
1010110001101001000001110011100100100101011000110110011001000011
0010010001110000110101010001000110001001101011101001101100101100
1011110011111100100000000000010111110011111111111011010101101110
1111101110110010011111100011100101100000101111110111111000010010
0100100101011001101000100110111000010001111010010110111010110000
1011001101111011100001101101100101101101010011111001101111010010
1111000101010111110100110001111010110101010100000010001110110001
1101110110110101000111100000011010100101010011100000011001010011
1111101001001111110010101100010110001101100111100101001000010010
0100010111100010000001011000001010110000010001011011010011111000
1000110111110111100101001100010100101100110100110110010111000101
0101010010101100010001110111011100101110101101111101000100101011
1111111001010100101101101001100100111101100110011001010111100110
0111101010100111001000011100001100101011100000001110100011100010
1001011011011010111011011000000111111100100010101000100110101100
1110001001000110100011000100000000001010110010101101110000011000
1011011010001100110011010111010010111010101010000001000110111010
1110011111011101110001111111101011010010011100101111111011100100
1010110010101100011110010100011101110011000111010100100001000111
1110001101011011111110100110001111000110100111101010011011110101
0011000110100000100011000100010001111000001110111011110110111101
0110100110011011110111110101111110001001011011000001001011110011
0101110011101110010111110110100000000000111010100001101001001001
1110001001100010011101010011010110001010101000000111101110111110
0110101100001100110100101000001100100111011110110011001110001011
0110001010011000000010010100101100101000011000101111011011101001
0000001110011110001001110010110101110110010001110001011110101100
0111110001100011001010001001111011001100000110100001101001000100
1101001000110000010101111110110101001111010110111010000111001110
0011110011000010010000010010101111011001111011001110111111001010
1011000000010010000010110111001110001010001001101010101011111011
0111111000110100100110010000110100000100010010110011111010000001
0111111111000000101001101100100010001111011001110001101110011100
0100101001000100100011011011110010101111100011100010111100100001
1100110110110110110100100010011101001001011011001000000000011011
0001000110101110010101011010011110010011110101101001110000111100
0101001000100110010110101110100100100000111010010001011011110101
1010110000010110111101000001101010100010010001000000110000011011
1101100111110000110100100101101001000000000111111001110011100000
1110100011101000000010000010111111101110101001111011111000111101
0011110101111101100111011010110010010001101011100000011001111111
1001010111100000100000000001000001010001110100010001010010110100
0011001001001011111111000011011101011011001001100100011000111010
0011111011110010000111000010100000001100111110110100100110010000
0110111011011011110010011011001100001011101001100011111011100101
1011011101011000100111111000100010011001101001010101010111111001
0000000110000100000110000010101110011011100110010011001110001111
1010000111100101010001110001000111100000011111001100111111011101
1001010000010001001100111101001010011000000000111001101101011000
1010110001100111011010001011001011111100001000010100000101110111
1000000111111000001000111000000100000110110001110101111100111111
0010000100111011111010100100101100101011100000111000101000000101
1000000011000101110000010100101010010011011010101111011011111101
0100001011111000100011101011010100000010001111010011101011000111
1011100010100100110011110010000101010000100000011000100101100000
0010010110000111011101010100110001110111111111110111000100100101
0000100010011010110100000001010011100111000101010011011100110101
1110100010111010000000000010100011110110110010100111010011110111
0010000001001011101010001111110101010101110111111011101010110100
0101011101101111110100101111111001110001001110011101101000100011
1001000100101011001011100011000110010111111110111001100110100100
1110101001001101010001010010100000001100011001111100101000000001
1010000000010100000010100001111011111100100100000010010011001100
1100100110100111111110101010000111000100001100011000111110110101
1010011000010010000011000010100010010001010101011000001100001011
0101101101110101110110111110011000100111000011011110111111001101
1010011001100011111000000001110111111011011111010001110000001100
1001001110100000000001101001110001111100000010011100011001001001
1000000000010011001011110101001101101100110011011011101000111000
0111101000011101000010110011100100011111010100111011101011001010
1011101011110001011011010110110000110111111101000000010010011101
0000100100101000000111011011011001011111011000001110101001000101
1111000110011101100101010100110111001111100101111001001111011111
0000000011110100010000010011000110100101010101110110110010110011
1110101111110110100000000010001111101100100111101010001101110000
0100000111100001000011111000011100011001110110111011011000110000
0100000110111110011110011110101110001111101101000000010011011000
0000000100011110001000000000100111110111011111010010010110110100
0100001000111011000000111010011011000101100101111011100001100100
1100001101011100111000011000100001100010111100110011111011011110
1010001110110010011011111011101001100010101111100001100110011101
0001000000000000101010000000011000000100111101111000101001010111
0001011011011110110101110001011100101011110001100001110110010111
1011111011001101011110000011000001100011010101101101001001100000
0011101111000000000001011010110011101100010110010001000010110111
0110111100111100100100100100110110101101100100001110011000101011
1100001001001011001110001100010110111001010000111111000010110001
1001101100100001010101010100100100100010110111000011001111010000
1000011000011110000010010110111100101000010100101011010000011000
1110101111000011111110001011010100011100000010100001011010001001
0001011001111100100100100101011111001110011100011000100111110101
0111010110011010010100011100101011101000110101100111000000111011
0110111101101100111010101000100111001100010111010100111011100011
1011110000000110011111101111110000000010000011100000011100000110
1011010110001010001101001011101110000100101000011001100101000111
0001111010000001100100101101101010101110001011010110110100110111
0110000001011011100011110110001111110101111110101100000001100111
1000111001100111010011000000110000111100101011001111001111011101
0101101010011111111110010110001001100110100011001000011100110010
0100000010010010001101011010100010000100011011011111011111111001
1111111010011101111110001111010001011110010100101001101000110100
1110010010011111000101011110000001101111011000001100000000110111
1100111000001101000110010110010010101010010111000110011011000100
1001011100100010000110001010110011110111001000001011010000000100
0010000111100010111010110001001111001110011010101110011000111000
0100010011101000010101001101101010100100001110111011101010011110
0100001110011101110000110100101001010011010010101100001110101010
1010110111100100010011111100010111110111000101110110111101000001
0101110100011110101000110010110111100111111100111001111001100111
1010110001001000110001011111111010011000101000111011011001010111
1101110010000000101101010000101010100100011010000101010001001111
0110010001111000111110010000111010000010001011011011101010101101
0110110000101010111000010110011001111101110011110000111111100000
1101010010100111000001110110110011000011000110010000010001000100
1000000110011100110111000100010011101101100111101101101100000101
0000110100111111110111011101101011101011100111101100100101011100
0011010111001111001111100011101111011001001111111011010100000000
0000010110010100001101101011010001101010111000011001101010100110
1101100101101010010011001111111100110111111110001001100000000100
1011101111101001101001010011101011101000010001111111111101001000
0100111110010100000110101101111000101000001011101101101011100100
0100000011110011011101010000110101101111010011011000011010011100
1110001010100010110000101011101111110010011000110100001111000011
0111011100001111001001110111111000001101111100111011101001001011
1101010010001110110011011000000110100011011101101100010001110100
0111000000100000001001100101011101001000010100100000010011101110
1101101010010111111001111001001110010011100101100110110100001010
1010000111001000111001100010010111111001001010100000000001110010
1100100100100000001011101101010010010010100011100111110000000101
1010000011010100110011000011111010111111100001000100110011001110
1111110010000110101111110110010111010000100011000110111111001010
0101000011100011011000010000000110001101100111011101111000000001
1000000010111110001011110100011100010001110011111001010010011110
0000000110000001000001100111000010000011001111010011001001110011
1001010111100011001001110101101111000101101101000000110010001001
1101000111100000001110111101101010100001110100110101001101100010
0000101000100001110110100110111000010000101110100001000110100000
0100001010011100001000010100010000100001111100111011110101011000
1101110000111110101111101110101010101001111100010000100111010110
1010100111111010110101110101110001110010010010011111011010011111
0000110011000001111101011001100101000001101111001111100001000111
1110001000010101011000100010001101010100010000011010001111001011
0011111100011110101100000011101001011101011001000110111100110100
1110111001010110001001111101101011110010010110000000000011101000
0101100001000001001110000001100110001110000110101010101010101110
1010100010110011110111101001110100101001101111011010101111011100
0110110110110110011101101111110001100100000001100010110001101010
0000010011100111100011110101010101000000111111100100000111100010
1010010101100111001111010001011011000000110001101100010110000010
1101011111010001001011111010110001111001100001011000010111010110
0011011100011110010111111011101010000100001111111111011000010101
0100111001001110010101010101010110101000101101110010110011001010
1000111111000001110010001111001001110001111001010101111000111101
1010100101000001010011110001001011100110101011001000011111101101
1101011010110001101001000100110010001010110111011110000010101010
1011101100001111110001110101001100101100110000000110011111101111
0010001101001100100011100000100010101110111111100001110100110010
0101011000000101110111100100000101010010000000011011000000010111
0100100010011010101110010010001111010001101011001011011100001001
1100100010010000011001110110110100111101010010000000101001011000
1111000100011100101110111010101000101000011000001101010001100100
0100110001111100010010100011101011101100001011000000101110110001
1010111110010010111000001111011101011000110011010110110010011000
0010001011011010010101101010011000011101000101101111110010010011
0011010101100011110000001001111110001110000001110110011011111011
0010111110010001100110101100001011001101011001011111101110001101
0100111111111010100010010001001000001111111011011111011101000110
0000110000100010001010111010000000111010101111011111001101100010
1110100001100010100111111011000111110001111010111101100111011001
0001010111110111100111110111110111010100010110010011011101010110
1101101101110111100100110101110101101000010000010110000100100100
1101111001001100011001101111100100100011001011001101110000011100
0001101100010101110011000010011101010111100111011101000111100101
1100011111111100000011101101101100100011100000010001011000111111
0001110101100010010000110011111101010101101110010000110011011111
0011110010000100101100001100001000010111000111100001000011011100
0010111010101100000001000110011110011110100011110110100000010010
0110010010101111010111011110000001110011001011010010101000011011
1001000010110010110111110000100110011110111110001100111010101101
1100110010111110001000100001110111011010000110000100101001011000
0010010000011100110011101000100010111110111110010000100001110101
0011101000110000111000111111100101100000011001001010100000101100
1100001000000001011000111110100101001110001011110101000110000010
0110001001001000010111110110111100010110011110000001101101110100
0010011000011101101010010001101010101111111101111010111111010000
1000001011101000001011000001010011101100110111110010110111000111
0100000001100010100011001010111110011001111101001100001100010010
0011000011100001001111000011001010001000001100000111011100000101
0001010000111101001101011110001000010111110101101011111110110011
1000100101101001101011000110000000111110101101101101110101010001
1110111000101111011001000010100010101111000010001010111101101000
0000011010011110111011001110000101000100111000000111110001110101
1111011101100100110100001000111111111011010001001110110101100111
0011001100110110010101110110000100110111000100001110111011001010
0000100011111000010011001100101111101000000100110101011001000010
0001100100101001000001011111111000001101110011000111010110110100
0100101000011001000100000110110111111001101110100010001010001000
1100111100110001110000000111010010001111010011100001101010010010
0110001101100111110111101011111001011001100111111011011100111000
1011100001101011110101001111000010101001101101101001010111100010
0100001111000000001110000001001111001110010100101110110111101011
1000011010001101100110000111001011011100001111101101011111110101
1110001001110110101010001001111010000010111001100000011101011101
0010100010101011111001011111100000100001011100000101000110101101
1101000001110100000110100101110011010000010101001010101110000101
1101011100011110010010010001000011110110011110000110011110111001
0100101011000010000111000000000101000111101000100010111000111110
1111111010001101011110111000101111010100110010010100111100011000
1000001000111110001010110101001001011011000001000100110001101010
0100000101010110100001101101011101011001001010111010100000010011
1011100110110101011100101000111100111001110011011110110110100000
1100100110110011100001110111100001011001000010001010000111110001
1010110101100001100101001001001101111000110100010100010011100010
0011100100101111001000000010011010101110101100101011100000011101
0001110010001010101100101000001011010011001011011110010001011110
0100001010010001011001100010111011011100000001000000100100011010
1000001101101100110100110111000010010111110001100111100110011110
1101001110101100000110001001100001101001010100000111100110110111
0010000100101111000000111100111110101001000101001001011111110001
0000101101010100001101000010010101100100111000100101100011010000
0010010111101011110111110001101100010001111001111011110100110110
0101010001101101100110011010100110001011110100110111101111011000
0010011001001000110001110000100100001000000100010011101001110101
0110010101000001011101111000100001001000010000100110100101000000
0000000111100110010011100001101001100110001100101010111010000011
0110111110010011110111100110011000100100111000110100001011011011
1001010111010000101100001011101010000101000001001101110111101001
0110000010111000110101001010110000001010111011111111010001101101
0010111111101011011010100111000010001001110100011000101010101110
1001011011100000101000110000101110100000111101011100001110110010
0001110011011100101000010010001111110001100011100101011001110110
1010110101011111110010010001101000101101000111101111001111001110
1101011111110111101001111100011101111010100101001100001010001000
1001001001000101110100001101101110001100110001110101000000001001
0100011100101101010111001010111010111101010000101010001100100111
0101010000001110010010110110001001000110110011010011101100011110
0010000101001000011110110111000011011100110110111110110001110001
1011010111100000110001100000011010000000111001110000110011100000
1011011000000001110000110100010110110101011010101010001100011000
1000010111000010011010110000100001100011011110001111100111000000
1101000110110100001000011111111000000001110100111100101010011001
0110011010100100101101110001101010100100110001010011010001110011
1100101111000001101010001010001000101110110101100000000110110111
1111000111001000110101010100110110010110101110011000010011011010
0100001010011011000111001000111111100000110000011000100000100011
0101110100101000110110110010101111000001000111110011101011110011
1110010010011010000111001001000101000000101101010110010011000001
0000100000001010011001101001010001100110100001101010111011110100
1101101011101101101100110110111001110110011000000100011101110001
1001100010011110010011110000011101111101011011011111010101101011
0110001010001010011110000111011001010000001011010100011011100001
1111101001000101110010000110010000001011110011010100100011101111
0100100011110100001011110000011111011010011010110110110110111010
1111001011110101010011101101100001101101011101011100100010010000
0000011100010111101111011010110100100011010010000110111111000000
0101011001110001001101011010110000010110101010110011101010010010
0000010101011110111110110000101011111010000011011100011011111110
1001101011110010001001101100000101110111001110000011011011100101
1100111001100010000011010001111001101010000111010101000111101100
1011111001110110101110111001001110100100010110101111111001010101
0101000000001111000000110001110110100010001010001000001010101010
1000100101111001010000111011010001011110111111100110100110101100
1110100101110001110011110001001001011001001001011010011010111110
1011111011000100111010111011010110010110110010101101100101010111
1100010101111111110001001000010110011000011010101111101100001111
1000011111100001000011110000011011001101000100010110110010011011
0101101101000010000101001100111110001000000000101100100011111101
1011111001010001001110001101100010110000011011110011010010001110
1101111110110010101110110010110101100100011111011111010010000000
1100011111011001000111110011010110010101011111101101110010111011
0000000011000011000010111101001111110100101000000010110101010011
0000101000101000111011101101100010000110000011111000111101110111
0010000001111011010100000000010011101010001111101011111100001111
1111110001111111100011101011000101001011101010101110010000111000
0111101110101110010001011010101100100101001101100011010011101001
0011110000110010010000101011000010000001110001010010100101111000
1000111110110111110100000111101011011000010011001000110010011001
0001101100100110010001110011101011111110010110010000010111111011
0010011011101100001100101011101011101001101000101101001111100001
0000000001010101101101001101000000111111011100001111011111010101
1100000111001111001100110011010010010000000110001111000110110111
1110101101010011010001100101101111110001011110001010010010011100
1000010101101100010010010101010100110101110110101011011110111101
1100101010001101000100011011011111110011110100111011011100000001
1100011111011000100111110111111010011100011111111000010101100000
0001010000110010100110011001100101010111001010001011111010101101
0010111100101010001101100111000101001010110110111001110110100110
1111001001110010001111001101000100011110100100101000110000110001
1101000011010100010001111001001010011000111000001010011111100100
1001111010011110001100110110001110101011000001010110101111001011
0110010000101001010100011000001010100100110100101000100101101111
0010110111111010100101110010011001111101010100011111110010101110
0001001000110111111111100011111010001111100100101111111110001110
1110111111011110000101100111110100110101101001010000011100101100
0100111001110011110010100001010111101101100001101011011011101010
0011101101010100100000110111011010000110001110100001010011100101
1110111010000100010110100100111001000100110111001010011100110111
1110000101100110000110110100001111000110101010110110110010101000
0100001111111101111100010110000100100001001001111010111101101101
1100101100101011101110110011110111110000110110100011100010011110
0111000000001010011010111001001101100100100101111101111101010100
1100110001010101011101010010100101000110010100010110111111111001
0011111110011111011010001000111110010100001011111111001011000011
1010011101110000101100001001011010110001000000011101101110001101
1001001111001110010110111001100001110110010110001111010001011010
0100101001100100011001000100011001000100000000000011011000100010
0000010001000000001000010000010100000111000101011101011001100111
1000011001001110100100001110100010110010111000011100101010010110
1001001111010010011010001110011011110100001100100000001101011111
1010000010110001100000101010011101101111111001100000000110101111
0011001110100101000000011000101101100111010101101001011000010111
0010100110010010010000100010000001011001111110011101001111010011
1000010011111100000110100001001010011010001000101000000001101111
0010111001010010001001000100100010001101010110011101010011110000
1010111011111000011010101101010111011101111010100001111101010000
1001010100101111111011001111000010100110011100100011011000111000
0011100100011100010000101011110000110110111011000010000111010000
1010000110011111011110000111101110011001101111100001010110010010
0100011011001000001111101001001111000011011011011011011000000100
1010010111010100010100010110110001100000001100011101000111101111
0101001110110100011000010101011110101111000111100000111001000110
1010110001111101100011010001111000101111010101001110110110111100
1010110101110010001000110111011100000100110011001111011110001011
0011110101011000110101111001111110001010010101001011011100100011
1000100110111001111000000101100111010110000100110010101000110100
0101000111100101010110010010000100100110111101100000110111000011
1100011001000011011111011001101111101000110000010000100000011101
1011100111011010011101111100011110000011001001111001001100110010
1000000110100001001011000110101101001011111100111100111100110100
0011000001110001010100010010101111101000011011111011000100010111
0111101010001001010001111010100111100100000010010000010001101010
0011010101110100110011100110101111010101010010011001101000111011
1000100010001101111111000011010011111100101011011110010110011101
0001101011110110000010110001000011101011110101010101111000001110
1010001110000101000101100010011110010111110100010111110001010000
1010001011001011101001101101100010110010001100100110011000000101
1111010000100100010000011100001110101001001110100011110010111010
0000100000110001001001011011010000011111010010111010001000011000
0010010100010000110110010001111110000101011100110111000111010111
0100100011111100001010110110000111100010000100101011101101001011
1001000001010101011100011110010100011010110011100000101000000110
0111001110001100110100001000000000010100110010000001011111101111
0000011000101001100010110110100101111011101011000011100001100001
1111011000101011110100101111101000111101010101110010001010101100
1011101001100010101100010101110010101100100101011111100111011100
0010000010011001010100010001000001011100111110000011011010110101
1001010111101111011110011100111110001010011101000110000110011101
0011010111110011110101100100110001001101100100100011100001011100
1000111000110001110010000011001000100000011101100100110001010111
1000010110011000111000101010001001000101000101111001000111010111
0010010001100000100001011100100010110010011110000011011111011111
1011101011000001111111110100011101010010001101011101100101000100
0101110010111100111011001101011100101010100111111010011101111000
1011111011100100100011100101011011101011100100010000111010000011
1100111011100100010011111011010011000001000001010100110100001110
1101100010100110011110011001001110101000011011101110001100101100
0000111100110110000111001000010011111101101000111111100010101100
0011101011101110000011001110110001111111101010001000010101011010
0100101110010001110110011011001011101010000100000101100110111100
1000011010010011000001101000011000111101110010011000000101010001
0011100110001110001101111000110010111001110000010110001100011011
1101010011010101011000110010011100010011101111101010101001010111
0101001000011110100011000100101101000100010111101010000110111111
0111000101000010011111110100110010001110011110100110111001000110
0110001001001011011110001110111000110110010001000010110110011001
1110100111110011111011000000110100001000001011111011000001101111
0000001001100011110011101101001110001110110110000111011110001110
1100010100001011101100110000010011100111110000011010101110001110
0001011001101011111011100000000110010000101001010101010011110010
0001101010000110010010111010111001011101101101111111000000000111
1101010010101111111001001001011100100001010011111100000101000001
0011100110101100000010010000100100000001001111000001100101110000
0110011110101110100011010001101001011110010010111110100010100000
1010001110011001101001100110010011010110100000110010110011111110
1010110001100011010110000110111101110111100101110110101010001010
1111111100111010111111000011000101011110010110011000011010000111
1101010001001111100110001110101100101001100000101000011000011100
0111001111110100000010000001100010010001110110010111010001000110
0011011000110100111111101111110001111011000010101010000000000000
0000000000011000000101001001100111101010110101110000001111011000
0101000010110111001010010011110010101101101111011001011111001011
0110111100100111011000110110111100111000100110011111001010010111
0100001100001111110111110100010100100000000100111001101000000101
0010100110100111100001110100100010010101000011100000010110010000
0010001111101011000111010100011011000011100110110111100111100100
0001101101010010110001101101001011111000001110100100011000111000
0101101011101101111111001111000100001110111000110110110101010011
0101010011000100100010000101111001111010000111111100000000111000
0001011010111010111001111111010001101011111101100111100101100110
1011101111000101001001000111101111011000110111010100001011000010
0100101010101001101010011000111110100001000001110110101011101010
1010000011101000001010010110011000010011100011000010100011111001
0101001111110111000001010010111001000000100111010011111101011000
0101101011101110001001010011110111100111010111001111010010100001
0100001100001111010000100001111000010010110100011100101001001011
0001110101001111000101000010000101011100000101110010011010010011
0101001100000100011001101001100000000010000001111101111101100000
1111001101010000011011111011011001001000101100101110101001111000
0000100110000101100111101001111000101110111101000001010110100001
0000110110100111101000011010011110100110111001011111111110100011
0111110010010111001001111111100010101000110011110110110111100011
0111100010011100111111001010101110000000000110010101111011011000
0111010100010101000011110110100010011010110110000010101011010110
1000101111101001101111111111010001010000101011011011100000001100
0111000000011011001101011100000010101111111001100111110100101111
0010101100001110011000011000010110000011010011101110010010111011
1010111011100100011101000000100110101110111101010001011100011000
1001010111000001101001100001100101011011011111100111100110011101
1010111100010000011100011001001100110011111011111111101101000110
1001101111001000101001001110000011111010101001100111010100001000
1010111100110000011000011000100101110011011111010111010100111000
0110001000000101101010100010000001110000111100000001100010010000
1001000100101101111000111101101110101100001110011111001110111100
1111111100011000011001001011010101100010000101011011111001010011
0111111000110111111100111001100000111011111100100101001111011011
0010111001010100011000010001011101100010111011001001010011000000
1100111000101001011000011110100001011010011100100101011111011010
1000010100011110011000101100001110001100011001010001111010100010
0010101001100010010001010011100100111111101101011101110110101000
0110001000011101110011000111011000100011011010000000111010001111
0000111001011001000100100101101110001100001110010000110010100001
0001110010110110111111001011011010111000000101100111110010010100
0100010010101010110000110110100100001001100011011001100111001100
0100101100110000001111001110001010010101010011100110111000101110
1001010000001010010001000000110011100000011000011011000011011000
1011110101011000011011100000110010010110100100011010001111111011
1011111000011101111100101011111001010010100111010011000100100110
1101010000011101001110101100101101000010011111111100010100011101
1011010010001011100111110110000000111011010001101011011101000011
0110000000110111000101101101111010001101000000000100011010101110
1111010000101100001010101001010001100011011110011111001010010110
1010111100001111001011010001001010101001100000111010000110110101
1110111101000001111100000110111010110101110001001100010011010011
0100011110010111111100000000000000001011011110101110000101001001
1110100011010000111100101100110010001101010011010111100110011000
0110110100100011011011110010100000100000011101111110000111000010
1101110111110111000001110011111100011000101011010010000100000101
1001100101101000000100100001111111001001111111011100010110110000
1110100101001000001001011111000110001110001000001111100010001110
1101010100010111001100100101100100001111000111011100011010010001
1011011100101100111101101101011011000011111010101101101100101100
0110001000111011110001001100111010010110100011111000011101100110
1000011110011001010011001100000011110110111010010001000011010110
1001010011110000010000000110000010111001100100110001001011100011
0110010010011110010101011111100001001001101000101100101100101011
1011010100011011011100001011111100110101011001101100011101000011
1010101000111100011101111011001110100000001110000001101000101000
0011110011000110001001100110101100111111011111110010100101010100
0010110110111111101001100011001001001010110001001000001010001000
1100110000000101000001001011001111101110110101101101001111010011
0010001001101000011101100011000110000010001111111100011111011011
1000100011100100111010010000011111110010111100010111011111110000
0110010111100000100111011100010010110111001010111011110100110001
1111010100001010111001110101100111100010000110101000100110101110
1100010111101011010001111101001001011111001101111010000100011010
0101010001101000100011100001011010010011110001010111110000111111
1011011100111110100001010111111001101000011110000000010111000011
0010101100100011110101111000100111000101000111100011010110100001
1110011111110101101000111100011101010000001111100010001010111111
1010011011111001101011100100001010011001110001001000001100001011
0010101000000001100100110000001011111000101011010111110010011101
1111001100001001011100110001111111110000110000110000011110111111
0111110100010010100101010111000101001100010011001000011010111100
0101110011010110100010001011110110001010111110100110100000110100
0010011000111010011011000010101011001110100100111000000101001101
0001010010111110011110001111010011100010001100101101000110010111
1000110010000100000001111010001011011100011101010000111010001010
0001011011011011111100101101011010010111110010100001101110001100
0100101110001000001111010011010001111100001100010111101011000101
1100000000001001100001110111011010110110000111011000010001010001
0101100001100011111011011001000100110000010111000100000111111010
1111101011101111011100101010010011101110011100100001010111001010
0101101100110011100001000110011010011110111010000000011011100000
0111110010100110010110111101110010101001011110110101011001100110
0111110100111010110010101010011100011000001001001010011111100101
0010111110100110011011000000111111010100010001101001001011111111
1001010100011000001001001101010111110111101010101001101110110000
1001011000001011000010100110101001100110010100000001011100010000
1110111111111111000011010010111011110111110100110110010100001101
0111001000000000011001000000010100101011010110100001000110000101
1101101000010110100100100110011100110110000011101010111000110110
1000001101111110101111010010010110100010101000100011110111011001
0100101101111111110011010010001001001101000000101001110110100010
0001010001011001111100000110101110101011111011000111001110111000
1000101111111010110010110000001000001100001100011001001100001100
1000101001101110111000100011110010000000100011111001011011010000
1001011101100110100101100111101001101111111000110111101101111001
0001011100000011101001111101000011111001001111110010100001010111
0101010111000110101111001010001000110000111000011110001000011111
1110110010110001011010110101110011111111010000110011010000000010
1010111100101010001110000001010001111010010000000010101100011110
0001010010100110000101010101000010011101110101001111000010010001
1000010011010010101000000110000101101101001100100101001001101001
0100110001001000001001100000111011011100110111100100001001010000
1000100110111101111110000100010101100000001010100010100011110000
0001111000101010010101010000000011110110011011100011010001100110
0000010101011000001000100100101001101111110101000110111010011001
1000011011010110001000110110000101010100110001011100101001101001
0100100101000000000111010110111100110011000011001111111000111000
0101101111111100010011000011111110111101100111110100100110010111
0111100111111001101101001011000000011010001111001111001101011001
0011101010010101010110110111000111100000000001011000000101010110
1011100101110101110100001111110001111110100001100101110011001001
1010111100000010010001100000001110101001111000110110100111001110
0100000100000001011010011011111010000111000011011000111111100101
1100101001000011110100011001100111001001010001111010110110000111
0111011001010011000110100110110101111010011000000110010101010101
1010010000011100000111101011101011010010000110101100011000101011
0011100010101011000111100001111010101101100110010111110011100101
0010000010011111110100100101110010111110101110011111010011101011
0011110010011001100001101101111101001111000011111101000100111010
0000010011000010110100001101100110011011101110011100101101110011
0101001010111100001110011001101100000011111101110000111010110100
0101010011101110101011111101001001111100101110101100000011111111
0011000110010000000001010101111001100111000010000111100101111101
0000011001111001100010110100110000100001010101110100111011110110
1011010111010010010100100101111110101100110001100100100110111100
0000110010101010001000110000111100011000010001100110000101110010
0101110000000010011000010001000001000100111111010101010011011001
1110110100100110101001010010001011001001000011101000001001000001
0000011001111010001110000011000000000001100010010101100110100010
0110010001110001101101001010000010100000101011110000001100010001
0010000000110110111111111110010100000010011000000000011110100011
1100110101010000001110001001100000000100100100101111001110000110
0110001001111111010000111110011101101110011010100011100011000010
1011111011011011110001101101100001101111000100000011011101111000
1100010100011110000011111101011100100011100010101011111110010001
1110111010001100000111001000000010000001111001110100011010000101
0101001101000011001101011011000000011110110100111011011011111101
0010000110010101100110100001110111010100111011101111010000011101
0110011000110100100110111101001100111001011101011001101001011101
0111011111101111010111000001111001011000001000110011110000101110
0111111100100011101001101000100011100011010111001101110010010110
0110011001010111010111001010000000101001101000010110010010010001
0100101100101111110100000100010001011001111110001000000001101000
1010011010100101100001001001110101101011011100001101111011110011
1001110000001001111111000101011100011000001000101100000100101010
0001001100110010010010000001010001000110101000101000011010001011
1111101111000100001101011001110111000011100111111010100010110011
1000001011110111010001101010101000011100100001011110001100111101
1001110101101111001100110011101001100101011001100100100011101101
1001000111001100001010101101010001111111010110110100011010001010
0010100001011110000111111011101010110000100001101000001000110000
1110101011010011111101000000111001100001111101110001011000110110
0000101001111110110011011111001111001100011111101100111110110110
1100110001110110101011101101011010110110111001100001001100001110
0011100111010011110011010011011001000100100110100100100011100001
1101010010110010011001100100001101010110010000001110010110011100
1011011101100101001100010101100001000000010111111100111011111010
1110011001000000110001001011001011100000100000011011101101100100
0111010111010111110100010100010100000100101100100011001101010100
1111111000001011000010101000010101111011011000000100011001101100
0000011100101110111010011100001001111111001001110111100010001111
0110001001011111111010000011110001001000010100001000010000111111
1101101110111101110111011011010101110101101011100111101111001111
0101000010101010001100000100110000000011100100100111000110110100
1111110100011101100011101101010001000101000010000000011010111011
0010101011001111010001111010111000010111111011000000001110111110
1111111100110110001010110110110101011110101111000110010000000000
1101011000110111101101010001111011001000011101010111011010000010
1001001100111010101110101101000110011111011000000111101000101011
0010010111001111111000010100001100000110101011100010111101110000
1110110000110000110001101010100110110111110000000000111111000001
0111011001011001010101010010000011011101000101011010000010111101
1101001100000100010001001011101110101101010001100000000010110100
0100111001010100111111000010001011100100010010011010000001011011
0101011000101111010110000101000110100100000110011010100110001010
0011111100101110001001000001001111011001011010111101111000100110
1001010000010010000000001001000110001100101100001011010010111111
1100100010000001000010000010110100000001101110110010110001011100
0001110010000101110000111001000010100110010110110001000011000111
0110010111111111000011001111101010001000000011111101011100011101
0111001101001001010101011111011110011110110000001110011000011001
1111010011001100110010010100000000100101100101011101111100001011
0000001011010001111100101110110101000100011011000011001111000101
0111100001000110011011110000110100001100101100000110001100001001
0010111101110111101000111111001010011111010001000100010100100001
1100001010000000011011000011010100010110010011011001011001111101
1011100111001010010111110011010010000000101011101011100010101000
1100001111110110011110001100001100110000000001110111110011011010
1011111011011101110101111000100100000110000001011101011100111000
1001111001101111001001100111110110010100101011100101110000110111
0001001000101011001111010001111001100000001111000001011000010001
0110011111000001101110101101100111100111011101101100100110010011
1001011001101011011010011001001001001100011001100011011100100010
0010000110111001111011000110001001100011010001000011101011010001
0000011100000101010111010010101100111010011111010001101100111110
0110010101101100111010110101011101010011000101011100001101000111
1111100110000110011101111110111110000110110011111100010001000111
1101100111001001001111010111111011101101100111010011010100001101
0011110111010111010011101010011011101111011110011011001001111101
1101101010010110011110001001001001000111111111001010010000100111
0010000100010001010110001010110111010001101110111111101100111010
1000101001010001011011001111101010100000111001100001000011110101
0001110110010110011101100010101011100111110001111011001110001000
0011011010110011001000001000111000110000100010101100001001011000
0010110011111100000101000001000100110100010110000000011011110000
1101001101001100010100111000001000110000010101100100011010000111
0110100101110001000100101101010010010100110100110110110000100001
1010001101010101010010100010010101110000010111011101011000011010
0110101010000110010111100011111110111100110001010001111111111010
0011010100101000001100000110101101001100111111110000010110101101
1110001110000110101101000101011101001011000010100000101110001111
1100010010111000011111100011011000100001100110000110100111110110
0110110101010100110101010011101111100111010001100100110101111000
1110011100100011101010000001111101000001100010001100011011010010
1011001110100011011110100011101111010100101011001001110000101101
1100001101100110111110101110100111000010100010100100001101001111
1010111111011100000011111111001000101000100100110110001111100011
0011001100110000011011001101101111100010110000000100110101011101
1110101101101111111100110111011100000100000111010110011000010000
1101000111110010100100101001000101000100111011011010111100101010
0111000111111101111110001110100111001001101011001011011010111101
1111111101111011001000010000010001110011011111001001001001100110
0110100110011011011010110100111111010010010010010110110000111011
0011100110111011101110101010101011000010101110110110011111011010
0011010111110100010010101010011110011100110000011111000011001101
0100110010011000001111111111011100110001100110011000111010100110
1010011010100011000000000111010000110001110100100110111001010100
0110001010010111110000100011011111111000101001011011100100011111
1100010101100011111011111001101011110111100110101000001100010110
1010001011101010110000011110000111000111110001100100010001000110
1010010010110110000011110010010000101010010011110000000010001001
0000110100001110101010001110010010110110010100101111010100010011
0110101110110111111110100101000111110100000100011011111010001101
1110011101111000010100001111010110111111001010010100011010010001
0010001111111100101000010111001101001111110111010100011011110100
1110110011111101111001010101110110110010000010101111000001010100
0011010110111000010011010010110011000111110000000100010000001110
0110110110101110101000111111001010111001101101001001010110000000
1110010110110100101111011110001100001100100101000101101110011000
0011101111010101111011001100111100000011100110010101110010110100
1100101100101011000100000010011101011101010011110010100101011000
1000011111001110111100001100001111000011010111000001011010100111
0000100001010111000111101111000010101010111011110001100010011011
1001100101101011001010011000011010010100000111000011111011010010
0111011101110000000100111001111010010100111010111110011011110111
1101000111110101000011011101011110011001101001000010110000111111
1100010011000111010010111000100010010101001001000011000110111110
0110010110101111101110100111110100000110110111101010111011100100
0011110101000010011001111100101111100010111011101011000110100111
1110010010010001101001100101100010111001110000110110110100000100
0011110110011111000111101111011001110010111110101110101100001011
1110110000010000110111011100010010001000110111100010000000011001
1001000000110010011000101010010110011110111111000110011011110100
0111101101000101010100101000000111011101101110100010100000001001
0000010000101101101111111111110011110001000001010011011110101110
1110100111111010000110101101010011100110100101111101101111110000
1111110100000011011110011110110101000110011011001001011011001010
0101111011111111011000010100101011100011001110110010001100010000
1000111001001100011101001100001010000001011001111010100000100111
1100100001000110011001010100101001001010001011111100001111100100
1110000111011101111100001100110100001000110001000111001111011011
1001101110101010001001010100111001011101011000010100111011100000
1010001101001011110111111100001010110111100000111101100001010111
0010000000010111011111011000101100000110010110010100011010111100
1101001000111101100010100011110100001000010101100010100000111011
1111111101100010010010111010111110000110101101011001111110010011
0100100000010110001110101100110001100011010010011010101000000100
1000000100010000010111111110011010111100100010001100111001011011
0111111010001100010001010000011011011010100110000110000100001111
0010000110001111000011010001000111100000100110101001110000100011
1111010000011001111001011110001001001010001001111000100010101100
0101101001011100011110111000000110101010110100011000000001110000
1001001000111111100111001001001100111011111100011000001010101011
1111000010110010011010000000010001110111010001111011010000001110
0101110100010110001110010111101101000111110110100000011110011000
1111100101011111110111011000000010001101001101101000110110110101
1001010011001010101101001111110000010000101011110100001111010010
1010000011000010000101100011011011110110111110001111011101101111
0011110011010000100001011111111111100111111010110110111011111001
0111011001110111001011111111001100101010101010010110001111010111
1010011000110011100100001000101001100000111111110110111100011000
1111000010001000001100100000110100001010101011100111101100010000
1001011011001011001100110010011000100010110011111001000111100011
0001001001010001110011111100101010110011011111000011010000000001
1101011100100110100010100001000000000000011101100000100000011110
0000011010001011100000110111010100101111011110011111001100000111
0110010000111101110001101010100101110101110000000101111111001010
0110111001101111000001110101100011110001000011001011010000011001
1001110110110101111000101110000100001101001100110101011011100100
1010100101011000001101001111001101110110100110011111101100000001
1100110011001001011010011001000001100111110111010111011111001111
0001100011100110100011111101101011111100110101100111111101010010
1110100101010000100101010010001101110001011101000110000011111001
0011110100011010111100111101110101111011001111110100110111010100
0000101110110110111000011001011001011011101101110101000001110101
1011010000010010101111011011010001010011111001101111011011101000
1000100100000000001000111110110010000111101110111101110101001100
1101100011010110110011100001100000011001011011000011100100011011
1010111110000110010011101100110111101000101111010110111110100111
0001101010011000111001111011011100001011101100000110100110100001
0101110101000001000010110100010001111010011000010110000101001110
0011110110101110010110111011010111100101010111000111000000100111
1100111110101011111110010011101011111010111101101011101111100110
1110001010001011000000010101100110000000010100010100000000011010
0111000110101011001011001110011011001111000010110111100000010011
1100111001111111111101011111111110110100110100111101001110101101
0110001111111001100100111010100010010011010001011001010010011110
0001000011111010010110000111001000101111101110100111001111000001
0000000101010010001001010111111110100101010001110101111000110010
0101010010000111000110001011010100101111100010100100000010111000
1111000001010101010101011110101101001100111110011111111111001101
1111001100101000010101101011100000001010101111001010100010011110
1100000011001110000101001111111001010110101010011110000100101100
